5354 100
4292 100
4734 100
2601 100
5376 100
6850 100
9107 100
192 100
10197 100
5411 100
1778 100
3021 100
2752 100
2411 100
2439 100
412 100
10354 100
5779 100
2695 100
797 100
5472 100
9560 100
11961 100
7696 100
10635 100
10862 100
10093 100
765 100
6424 100
9204 100
4548 100
6771 100
104 100
301 100
11421 100
1510 100
5626 100
2598 100
8552 100
3904 100
5331 100
6703 100
9567 100
2013 100
11473 100
11307 100
8339 100
11690 100
2650 100
4147 100
10679 100
8308 100
7737 100
2783 100
9027 100
5699 100
2165 100
1221 100
9635 100
4845 100
9146 100
8060 100
8279 100
7318 100
9340 100
8449 100
7154 100
1287 100
2055 100
10445 100
3146 100
6495 100
7826 100
1486 100
5233 100
10196 100
3297 100
1173 100
6874 100
10601 100
11988 100
4967 100
3500 100
1277 100
406 100
5067 100
2198 100
9807 100
10118 100
10160 100
2205 100
10996 100
2979 100
1342 100
2978 100
1383 100
10903 100
5365 100
6661 100
4345 100
